header  set_nozzle=0
set_gerr2=-0.480905948551373
set_gerr1=4.65347670238517
set_gerr0=-1.49310550768043
set_s1=-0.052
set_s2=1.1028
set_tr=300
