header  set_nozzle=0
set_gerr2=-0.236865378
set_gerr1=2.827562459
set_gerr0=-1.053668749
set_s1=-0.052
set_s2=1.1028
set_tr=300
