header  set_nozzle=0
set_gerr2=-0.267886103271512
set_gerr1=2.90421164360868
set_gerr0=-1.18401868982234
set_s1=-0.052
set_s2=1.1028
set_tr=300
