header  set_bp0=-198.125512343751
set_bp1=387.479004693136
set_bp2=-248.178766475656
set_bp3=66.4175957451387
set_bp4=-5.42933995466606
purge_time=120
