header  set_nozzle=0
set_gerr2=-0.130901
set_gerr1=1.543311
set_gerr0=-0.775613
set_s1=-0.052
set_s2=1.1028
set_tr=300
