header  set_nozzle=1
set_gerr2=-1.80877
set_gerr1=20.54181
set_gerr0=-9.74048
set_s1=-0.052
set_s2=1.1028
set_tr=300
set_v1=0.4644
set_v2=3195
