header  set_bp0=-200.65324570912
set_bp1=391.072225053962
set_bp2=-249.656669785784
set_bp3=66.618164058088
set_bp4=-5.44524722511112
purge_time=120
