header  set_bp0=-182.363556503213
set_bp1=360.830904566161
set_bp2=-231.519626114067
set_bp3=61.8417356214756
set_bp4=-4.99454374301303
purge_time=120
