header  set_bp0=-185.68923944104
set_bp1=368.0917493855
set_bp2=-236.951963487812
set_bp3=63.5675500144208
set_bp4=-5.17598489451577
purge_time=120
