header  set_bp0=-186.177106780405
set_bp1=368.495099595798
set_bp2=-237.580612005222
set_bp3=63.8438030364117
set_bp4=-5.21239892175003
purge_time=120
