header  set_bp0=-204.3110964
set_bp1=397.7455745
set_bp2=-255.0675604
set_bp3=68.1006649
set_bp4=-5.554157904
purge_time=120
