header  set_nozzle=1
set_gerr2=-2.846886866
set_gerr1=27.69521962
set_gerr0=-22.97984793
set_s1=-0.052
set_s2=1.1028
set_tr=300
set_v1=0.4644
set_v2=3194.376341
