header  set_nozzle=1
set_gerr2=-2.61760908724672
set_gerr1=26.5241027627527
set_gerr0=-18.4374576310026
set_s1=-0.052
set_s2=1.1028
set_tr=300
set_v1=0.4644
set_v2=3182.742975
