header  set_bp0=-185.197701170346
set_bp1=369.927254766791
set_bp2=-238.311866257382
set_bp3=64.0085842919671
set_bp4=-5.21271572699199
purge_time=120
