header  set_nozzle=0
set_gerr2=-0.268030593011387
set_gerr1=2.91739685247398
set_gerr0=-1.16602991413393
set_s1=-0.052
set_s2=1.1028
set_tr=300
