header  set_bp0=-196.269731305022
set_bp1=384.936934330236
set_bp2=-246.841263466256
set_bp3=66.1134699426362
set_bp4=-5.41176897407699
purge_time=120
