header  set_nozzle=1
set_gerr2=-2.9231487202459
set_gerr1=27.6312327357239
set_gerr0=-21.4508856025123
set_s1=-0.052
set_s2=1.1028
set_tr=300
set_v1=0.4644
set_v2=3180.118
