header  set_nozzle=0
set_gerr2=-0.272008445
set_gerr1=2.911550158
set_gerr0=-1.209397179
set_s1=-0.052
set_s2=1.1028
set_tr=300
