header  set_nozzle=1
set_gerr2=-2.91235379342406
set_gerr1=27.3867386576567
set_gerr0=-20.9552558960522
set_s1=-0.052
set_s2=1.1028
set_tr=300
set_v1=0.4644
set_v2=3181.185
