header  set_nozzle=1
set_gerr2=-2.911825466
set_gerr1=28.50310647
set_gerr0=-24.48033336
set_s1=-0.052
set_s2=1.1028
set_tr=300
set_v1=0.4644
set_v2=3192.196242
