header  set_nozzle=0
set_gerr2=-0.291021959
set_gerr1=3.093552151
set_gerr0=-1.619278638
set_s1=-0.052
set_s2=1.1028
set_tr=300
