header  set_bp0=-203.7450989
set_bp1=398.4215926
set_bp2=-256.0148838
set_bp3=68.41988733
set_bp4=-5.600002075
purge_time=120
