header  set_bp0=-455.638944554371
set_bp1=698.404586493478
set_bp2=-375.138679029412
set_bp3=87.1886224363897
set_bp4=-6.73965548858953
purge_time=120
