header  set_nozzle=1
set_gerr2=-2.05063
set_gerr1=22.54856
set_gerr0=-10.3344
set_s1=-0.052
set_s2=1.1028
set_tr=300
set_v1=0.4644
set_v2=3195.55241
