header set_gas=1
set_shr=1.667
set_mw=4.002
set_c1=1.115
set_c2=0.363025318922611
set_c3=0.487092169440701
set_a=1
set_b=0
set_c=0
set_d=0
