header set_gas=110
set_shr=1.1
set_mw=146
set_c1=0.853
set_c2=0.0520034641302041
set_c3=0.584679289086437
set_a=1
set_b=0
set_c=0
set_d=0
