header  set_nozzle=1
set_gerr2=-2.4487720018934
set_gerr1=25.3110623290802
set_gerr0=-15.9227067368693
set_s1=-0.052
set_s2=1.1028
set_tr=300
set_v1=0.4644
set_v2=3177.6
