header  set_nozzle=1
set_gerr2=-2.6703658876088
set_gerr1=27.2516946445483
set_gerr0=-19.7944081455669
set_s1=-0.052
set_s2=1.1028
set_tr=300
set_v1=0.4644
set_v2=3193.5
