header  set_nozzle=0
set_gerr2=-0.246226692928559
set_gerr1=2.78236033148645
set_gerr0=-1.1247196750974
set_s1=-0.052
set_s2=1.1028
set_tr=300
