header  set_bp0=-208.778662860889
set_bp1=409.729450057385
set_bp2=-259.41613826665
set_bp3=68.6443991098254
set_bp4=-5.51095019188687
purge_time=120
