header  set_nozzle=1
set_gerr2=-2.82103391696239
set_gerr1=26.9965317353026
set_gerr0=-20.8261620315637
set_s1=-0.052
set_s2=1.1028
set_tr=300
set_v1=0.4644
set_v2=3186.617
