header  set_nozzle=1
set_gerr2=-2.984005693
set_gerr1=30.49236027
set_gerr0=-29.40416235
set_s1=-0.052
set_s2=1.1028
set_tr=300
set_v1=0.4644
set_v2=3194.884635
