header  set_bp0=-206.2219764
set_bp1=401.370979
set_bp2=-256.955473
set_bp3=68.66789843
set_bp4=-5.625105157
purge_time=120
