header  set_bp0=-174.12568249368
set_bp1=353.78002402822
set_bp2=-231.015593518699
set_bp3=63.126969122864
set_bp4=-5.17910969622423
purge_time=120
