header set_gas=39
set_shr=1.269
set_mw=32
set_c1=0.624
set_c2=0.116955155368212
set_c3=0.55139306326529
set_a=1
set_b=0
set_c=0
set_d=0
