header set_gas=4
set_shr=1.667
set_mw=39.948
set_c1=1.269
set_c2=0.114902092344169
set_c3=0.487092169440701
set_a=1
set_b=0
set_c=0
set_d=0
