header set_gas=13
set_shr=1.4
set_mw=28
set_c1=1
set_c2=0.129402082031238
set_c3=0.528281787717174
set_a=1
set_b=0
set_c=0
set_d=0
