header  set_bp0=-1453.5292052402
set_bp1=1947.96456055809
set_bp2=-938.625579471547
set_bp3=195.661233100399
set_bp4=-14.1061830111192
purge_time=120
