header set_gas=34
set_shr=1.25
set_mw=60
set_c1=0.69
set_c2=0.0849557993059992
set_c3=0.554928957306643
set_a=1
set_b=0
set_c=0
set_d=0
