header set_gas=108
set_shr=1.1
set_mw=169.9
set_c1=0.98
set_c2=0.0482072117274695
set_c3=0.584679289086437
set_a=4.0032
set_b=1149.8
set_c=-43.04
set_d=20
