header set_gas=10
set_shr=1.38
set_mw=81
set_c1=1.07
set_c2=0.0757034653508419
set_c3=0.531673782783774
set_a=4.15
set_b=754.97
set_c=-25.086
set_d=0
