header set_gas=7
set_shr=1.41
set_mw=2
set_c1=0.5
set_c2=0.485368572376218
set_c3=0.526603292799095
set_a=1
set_b=0
set_c=0
set_d=0
