header  set_nozzle=0
set_gerr2=-0.237658341020965
set_gerr1=2.72638366442019
set_gerr0=-1.05277197434582
set_s1=-0.052
set_s2=1.1028
set_tr=300
