header  set_bp0=-201.034391832692
set_bp1=393.245156165665
set_bp2=-251.967610780777
set_bp3=67.4117037523037
set_bp4=-5.52762785187605
purge_time=120
