header  set_nozzle=1
set_gerr2=-3.10603448253075
set_gerr1=29.5319601805491
set_gerr0=-26.1875324193122
set_s1=-0.052
set_s2=1.1028
set_tr=300
set_v1=0.4644
set_v2=3161.851326
