header  set_nozzle=0
set_gerr2=-0.25096937378252
set_gerr1=2.84120083528348
set_gerr0=-1.14682154899529
set_s1=-0.052
set_s2=1.1028
set_tr=300
