header  set_bp0=-202.2943636
set_bp1=394.1804167
set_bp2=-251.7549265
set_bp3=67.19969739
set_bp4=-5.492101649
purge_time=120
