header  set_bp0=-1080.90411587727
set_bp1=1478.81013841609
set_bp2=-725.114797601548
set_bp3=154.407451582234
set_bp4=-11.2516489823773
purge_time=120
