header set_gas=53
set_shr=1.18
set_mw=71
set_c1=0.97
set_c2=0.0765021413896878
set_c3=0.568392728733342
set_a=1
set_b=0
set_c=0
set_d=0
